Namespace(root='/data/office-home/', data='OfficeHome', domain=['Cl'], val_ratio=0.0, train_resizing='ran.crop', val_resizing='default', resize_size=224, scale=[0.08, 1.0], ratio=[0.75, 1.3333333333333333], no_hflip=False, norm_mean=(0.485, 0.456, 0.406), norm_std=(0.229, 0.224, 0.225), arch='resnet50', bottleneck_dim=256, no_pool=False, wn=False, scratch=False, load='./shot_Ar/checkpoints/best.pth', batch_size=64, lr=0.01, lr_gamma=10, lr_decay=0.75, momentum=0.9, weight_decay=0.001, epsilon=1e-05, lb_smooth=0.1, trade_off=0.0, workers=8, epochs=15, print_freq=10, seed=None, per_class_eval=False, log='./shot_Ar_Cl/', phase='train_target')
train_transform:  Compose(
    Compose(
    ResizeImage(size=(256, 256))
    RandomCrop(size=(224, 224), padding=None)
)
    RandomHorizontalFlip(p=0.5)
    ToTensor()
    Normalize(mean=(0.485, 0.456, 0.406), std=(0.229, 0.224, 0.225))
)
val_transform:  Compose(
    Compose(
    ResizeImage(size=(256, 256))
    CenterCrop(size=(224, 224))
)
    ToTensor()
    Normalize(mean=(0.485, 0.456, 0.406), std=(0.229, 0.224, 0.225))
)
=> using model 'resnet50'
/home/guoxingzhuo/anaconda3/lib/python3.9/site-packages/torchvision/models/_utils.py:252: UserWarning: Accessing the model URLs via the internal dictionary of the module is deprecated since 0.13 and will be removed in 0.15. Please access them via the appropriate Weights Enum instead.
  warnings.warn(
lr: 0.01
tensor([0.0091, 0.0111, 0.0044, 0.0378, 0.0061, 0.0041, 0.0058, 0.0083, 0.0033,
        0.0164, 0.0062, 0.0055, 0.0218, 0.0198, 0.0059, 0.0043, 0.0071, 0.0047,
        0.0026, 0.0070, 0.0027, 0.0037, 0.0277, 0.0328, 0.0094, 0.0053, 0.0135,
        0.0028, 0.0358, 0.0122, 0.0139, 0.0078, 0.0048, 0.0200, 0.0260, 0.0030,
        0.0054, 0.0185, 0.0715, 0.0026, 0.0505, 0.0040, 0.0110, 0.0032, 0.0419,
        0.0101, 0.0164, 0.0097, 0.0116, 0.0058, 0.0198, 0.0255, 0.0112, 0.1439,
        0.0153, 0.0154, 0.0120, 0.0193, 0.0030, 0.0223, 0.0143, 0.0022, 0.0043,
        0.0047, 0.0116], device='cuda:0', grad_fn=<SelectBackward0>)
3.022813081741333 0.05906057357788086
Epoch: [0][ 0/69]	Time  2.06 ( 2.06)	Data  0.90 ( 0.90)	Loss   3.08 (  3.08)
tensor([0.0029, 0.0130, 0.0047, 0.0017, 0.0209, 0.0102, 0.0085, 0.0044, 0.0264,
        0.0044, 0.0062, 0.0439, 0.0105, 0.0021, 0.0110, 0.0101, 0.0042, 0.0212,
        0.0021, 0.0056, 0.0110, 0.0083, 0.0134, 0.0017, 0.0091, 0.0050, 0.0130,
        0.0121, 0.0230, 0.0114, 0.0062, 0.0162, 0.0161, 0.0042, 0.0153, 0.0296,
        0.0042, 0.0154, 0.0295, 0.0216, 0.0206, 0.0122, 0.0101, 0.0071, 0.0044,
        0.0060, 0.0063, 0.0086, 0.0080, 0.0139, 0.0028, 0.0039, 0.0092, 0.0139,
        0.0049, 0.0043, 0.0137, 0.0036, 0.0265, 0.0421, 0.0194, 0.0072, 0.0735,
        0.1645, 0.0332], device='cuda:0', grad_fn=<SelectBackward0>)
2.6550707817077637 0.09783124923706055
tensor([0.0051, 0.0029, 0.0086, 0.0028, 0.0589, 0.0077, 0.0055, 0.0038, 0.0084,
        0.0604, 0.0030, 0.0103, 0.0108, 0.0081, 0.0019, 0.0055, 0.0024, 0.0025,
        0.0089, 0.0217, 0.0128, 0.0053, 0.0080, 0.0037, 0.0076, 0.0056, 0.0043,
        0.0036, 0.3021, 0.0036, 0.0055, 0.0432, 0.0046, 0.0023, 0.0093, 0.0042,
        0.0037, 0.0174, 0.0078, 0.0064, 0.0099, 0.0035, 0.0062, 0.0040, 0.0112,
        0.0047, 0.0032, 0.0077, 0.0260, 0.0119, 0.0048, 0.0023, 0.0064, 0.0069,
        0.0730, 0.0016, 0.0365, 0.0137, 0.0020, 0.0017, 0.0194, 0.0059, 0.0175,
        0.0178, 0.0019], device='cuda:0', grad_fn=<SelectBackward0>)
2.6434967517852783 0.09786844253540039
tensor([1.4526e-03, 6.5641e-04, 5.7731e-03, 3.0933e-03, 9.0467e-04, 5.5665e-04,
        1.7673e-03, 4.0131e-03, 9.3552e-03, 7.6846e-04, 2.3494e-02, 6.7153e-04,
        1.7194e-03, 5.6090e-04, 5.9046e-04, 5.2559e-04, 7.5090e-04, 2.4448e-03,
        1.7504e-03, 1.7809e-03, 7.8749e-04, 8.2177e-01, 1.8318e-03, 1.3688e-03,
        3.7305e-03, 1.4673e-03, 1.0876e-03, 9.0591e-04, 1.0801e-03, 9.7269e-04,
        1.3477e-03, 6.0928e-04, 2.3925e-03, 1.9504e-03, 1.6203e-03, 3.0646e-03,
        2.1487e-03, 1.4393e-03, 1.2469e-03, 9.9256e-04, 2.2847e-03, 8.5885e-04,
        3.9019e-02, 8.6037e-04, 2.2493e-03, 5.6975e-04, 7.5824e-03, 1.3189e-03,
        1.4049e-03, 5.5377e-04, 4.1543e-03, 5.2397e-04, 1.1074e-03, 4.0162e-03,
        1.1105e-03, 1.7403e-03, 5.2609e-04, 2.4001e-03, 1.4475e-03, 4.7244e-03,
        2.3483e-03, 1.1610e-03, 1.1979e-03, 8.5606e-04, 1.5431e-03],
       device='cuda:0', grad_fn=<SelectBackward0>)
2.8290116786956787 0.11051273345947266
tensor([0.0083, 0.0077, 0.0165, 0.0066, 0.0137, 0.0047, 0.0044, 0.0067, 0.0072,
        0.0036, 0.0774, 0.0111, 0.0034, 0.0122, 0.0123, 0.0122, 0.0123, 0.0185,
        0.0185, 0.0059, 0.0141, 0.0551, 0.0035, 0.0125, 0.0052, 0.0329, 0.0157,
        0.0112, 0.0097, 0.0295, 0.0075, 0.0110, 0.0210, 0.0050, 0.0115, 0.0161,
        0.0040, 0.0060, 0.0093, 0.0103, 0.0063, 0.0142, 0.0155, 0.0113, 0.0041,
        0.0126, 0.0240, 0.0657, 0.0092, 0.0059, 0.0615, 0.0124, 0.0152, 0.0297,
        0.0085, 0.0206, 0.0164, 0.0168, 0.0274, 0.0069, 0.0127, 0.0176, 0.0135,
        0.0089, 0.0088], device='cuda:0', grad_fn=<SelectBackward0>)
2.6702237129211426 0.08796167373657227
tensor([0.0200, 0.0068, 0.0081, 0.0185, 0.0181, 0.0751, 0.0044, 0.0073, 0.0056,
        0.0488, 0.0065, 0.0520, 0.0116, 0.0403, 0.0101, 0.0040, 0.0142, 0.0057,
        0.0146, 0.0048, 0.0144, 0.0047, 0.0171, 0.0089, 0.0197, 0.0581, 0.0249,
        0.0080, 0.0120, 0.0026, 0.0086, 0.0135, 0.0223, 0.0227, 0.0070, 0.0121,
        0.0376, 0.0096, 0.0041, 0.0046, 0.0103, 0.0055, 0.0140, 0.0449, 0.0401,
        0.0222, 0.0065, 0.0150, 0.0054, 0.0118, 0.0235, 0.0028, 0.0029, 0.0047,
        0.0327, 0.0137, 0.0100, 0.0040, 0.0073, 0.0034, 0.0114, 0.0055, 0.0049,
        0.0037, 0.0045], device='cuda:0', grad_fn=<SelectBackward0>)
2.5160083770751953 0.1282353401184082
tensor([0.0132, 0.0044, 0.0029, 0.0284, 0.0057, 0.0037, 0.0019, 0.0058, 0.0232,
        0.0057, 0.0189, 0.0069, 0.0067, 0.0123, 0.0055, 0.0032, 0.0033, 0.0203,
        0.0088, 0.0159, 0.0050, 0.0281, 0.0026, 0.0031, 0.0077, 0.0327, 0.0043,
        0.0042, 0.0040, 0.0165, 0.0239, 0.0094, 0.0144, 0.0121, 0.0043, 0.0061,
        0.0029, 0.0041, 0.0025, 0.0029, 0.0126, 0.0041, 0.0277, 0.0085, 0.0036,
        0.0023, 0.4319, 0.0107, 0.0053, 0.0047, 0.0153, 0.0080, 0.0049, 0.0054,
        0.0045, 0.0064, 0.0034, 0.0039, 0.0021, 0.0073, 0.0129, 0.0033, 0.0121,
        0.0069, 0.0046], device='cuda:0', grad_fn=<SelectBackward0>)
2.464144706726074 0.13667726516723633
tensor([6.1290e-04, 3.2952e-04, 2.3748e-03, 3.2021e-04, 4.4461e-04, 4.3184e-04,
        5.3407e-04, 5.5813e-04, 7.8574e-04, 7.0025e-04, 1.5934e-03, 6.0906e-04,
        3.4217e-04, 3.2811e-04, 1.0145e-03, 1.1805e-04, 1.3574e-04, 4.9639e-04,
        4.6882e-04, 1.8396e-04, 5.9164e-04, 1.6227e-03, 2.2163e-04, 8.0063e-04,
        7.3833e-04, 3.5644e-04, 2.3651e-04, 2.7689e-04, 8.5522e-05, 2.7063e-04,
        3.1681e-04, 3.5194e-04, 6.3468e-04, 5.2548e-04, 2.4395e-03, 3.6165e-04,
        2.1278e-04, 3.5484e-04, 1.3768e-03, 3.3734e-04, 8.0492e-04, 2.0403e-04,
        6.3129e-04, 4.6429e-04, 1.8807e-04, 4.1174e-04, 8.9212e-04, 3.0491e-04,
        6.4747e-04, 4.0791e-04, 9.6333e-01, 3.7174e-04, 6.9348e-04, 1.1714e-03,
        1.6780e-04, 2.1418e-04, 3.1652e-04, 8.8856e-04, 8.9882e-04, 6.2063e-04,
        8.4052e-04, 1.9094e-04, 4.9069e-04, 1.3218e-04, 2.1740e-04],
       device='cuda:0', grad_fn=<SelectBackward0>)
2.7648463249206543 0.09511518478393555
tensor([0.0047, 0.0032, 0.0058, 0.0133, 0.0306, 0.0038, 0.0032, 0.0046, 0.0048,
        0.0232, 0.0092, 0.0061, 0.0663, 0.0093, 0.0061, 0.0025, 0.0017, 0.0054,
        0.0045, 0.0047, 0.0041, 0.0062, 0.0069, 0.0063, 0.0262, 0.0026, 0.0099,
        0.0029, 0.0122, 0.0037, 0.0064, 0.0047, 0.0029, 0.0121, 0.0121, 0.0064,
        0.0050, 0.0105, 0.0054, 0.0044, 0.0149, 0.0047, 0.0080, 0.0118, 0.0049,
        0.0035, 0.0124, 0.0047, 0.0058, 0.4615, 0.0101, 0.0054, 0.0115, 0.0076,
        0.0047, 0.0036, 0.0118, 0.0032, 0.0044, 0.0044, 0.0130, 0.0037, 0.0097,
        0.0035, 0.0069], device='cuda:0', grad_fn=<SelectBackward0>)
2.680912494659424 0.08031702041625977
tensor([1.0652e-03, 4.6091e-03, 1.5503e-03, 1.8776e-03, 2.5302e-02, 1.0417e-02,
        1.0605e-02, 1.2709e-03, 2.0017e-03, 1.1512e-02, 1.8809e-03, 1.8013e-02,
        4.6013e-03, 2.0229e-03, 4.3693e-03, 1.5034e-03, 2.4591e-03, 1.1405e-03,
        1.0581e-03, 1.5418e-03, 9.8677e-02, 1.0746e-03, 6.8687e-03, 1.9006e-02,
        4.0711e-03, 3.7672e-03, 1.0000e-03, 2.2342e-03, 4.7558e-03, 4.8445e-03,
        3.2633e-03, 3.8906e-02, 3.6301e-03, 1.9758e-03, 4.7913e-03, 3.4508e-03,
        1.9406e-03, 1.2125e-03, 1.6345e-02, 2.7543e-03, 6.3562e-03, 1.0986e-03,
        4.1388e-03, 1.4774e-02, 2.7756e-03, 3.8776e-03, 5.5152e-03, 4.5250e-03,
        1.7721e-02, 8.7259e-04, 1.9312e-03, 2.5575e-02, 1.4676e-03, 4.3302e-03,
        5.3118e-01, 1.2807e-03, 3.3084e-03, 5.1120e-03, 2.7563e-04, 1.5189e-03,
        1.0805e-02, 8.0669e-04, 5.1687e-03, 8.6930e-03, 3.5255e-03],
       device='cuda:0', grad_fn=<SelectBackward0>)
2.4825525283813477 0.13575172424316406
tensor([0.0036, 0.0079, 0.0088, 0.1469, 0.0020, 0.0026, 0.0166, 0.0064, 0.0530,
        0.0033, 0.0328, 0.0015, 0.0037, 0.0059, 0.0018, 0.0143, 0.0085, 0.0048,
        0.0196, 0.0766, 0.0040, 0.0128, 0.0080, 0.0054, 0.0244, 0.0114, 0.0029,
        0.0044, 0.0012, 0.0108, 0.0033, 0.0032, 0.0021, 0.0937, 0.0043, 0.0483,
        0.0033, 0.0049, 0.0036, 0.0034, 0.0037, 0.0031, 0.0046, 0.0019, 0.0046,
        0.0029, 0.0033, 0.1066, 0.0021, 0.0041, 0.0027, 0.0129, 0.0091, 0.0102,
        0.0142, 0.0625, 0.0043, 0.0059, 0.0033, 0.0051, 0.0445, 0.0034, 0.0038,
        0.0027, 0.0025], device='cuda:0', grad_fn=<SelectBackward0>)
2.4965310096740723 0.14220523834228516
Epoch: [0][10/69]	Time  0.25 ( 0.41)	Data  0.09 ( 0.16)	Loss   2.64 (  2.76)
tensor([1.8497e-03, 3.5553e-03, 8.9967e-02, 5.5244e-03, 8.8237e-03, 7.5071e-03,
        3.4464e-01, 2.1038e-02, 2.5433e-03, 4.4566e-03, 8.4579e-04, 1.4184e-02,
        2.0007e-02, 8.6484e-04, 3.6515e-03, 2.4062e-03, 3.3142e-04, 3.3382e-03,
        2.7527e-03, 2.0493e-03, 9.0260e-03, 4.5198e-03, 2.5666e-03, 7.0209e-03,
        8.0954e-03, 1.4613e-03, 1.3530e-03, 3.0927e-03, 3.2277e-03, 2.7568e-03,
        2.1801e-03, 4.0438e-03, 3.4228e-03, 2.9329e-03, 6.1903e-03, 6.7274e-03,
        1.0010e-02, 3.5797e-03, 1.7983e-03, 3.8095e-03, 1.7917e-03, 1.9074e-03,
        6.1172e-03, 1.1725e-03, 1.6819e-03, 2.3255e-03, 9.9676e-04, 1.8567e-03,
        6.9554e-02, 1.2086e-01, 3.8621e-03, 4.6348e-03, 2.5577e-03, 1.0714e-02,
        2.3336e-03, 2.3972e-03, 1.2393e-03, 6.8115e-03, 3.2191e-03, 2.7882e-03,
        4.2808e-03, 6.2797e-04, 6.4980e-03, 1.0586e-02, 1.0103e-01],
       device='cuda:0', grad_fn=<SelectBackward0>)
2.5845038890838623 0.09005069732666016
tensor([0.0049, 0.0090, 0.0058, 0.0078, 0.0103, 0.0062, 0.0039, 0.0087, 0.0133,
        0.0056, 0.0321, 0.0068, 0.0067, 0.0077, 0.0115, 0.0088, 0.0310, 0.0024,
        0.0087, 0.0039, 0.0218, 0.0052, 0.0061, 0.0442, 0.0038, 0.0100, 0.0051,
        0.0066, 0.0028, 0.0078, 0.0030, 0.0242, 0.0170, 0.0117, 0.0031, 0.0083,
        0.0040, 0.0029, 0.0394, 0.0065, 0.0094, 0.0037, 0.0054, 0.0147, 0.0141,
        0.0065, 0.0077, 0.0088, 0.0096, 0.0027, 0.0027, 0.2120, 0.0018, 0.0211,
        0.0220, 0.0260, 0.0066, 0.0846, 0.0037, 0.0036, 0.0084, 0.0767, 0.0105,
        0.0048, 0.0047], device='cuda:0', grad_fn=<SelectBackward0>)
2.408766984939575 0.15223932266235352
tensor([0.0079, 0.0173, 0.0109, 0.0068, 0.0121, 0.0464, 0.0160, 0.0140, 0.0039,
        0.0829, 0.0080, 0.0475, 0.0243, 0.0199, 0.0128, 0.0788, 0.0039, 0.0175,
        0.0250, 0.0025, 0.0172, 0.0020, 0.0030, 0.0057, 0.0077, 0.0033, 0.0135,
        0.0073, 0.0095, 0.0054, 0.0156, 0.0451, 0.0118, 0.0008, 0.0029, 0.0049,
        0.0358, 0.0107, 0.0061, 0.0106, 0.0021, 0.0072, 0.0068, 0.0110, 0.0063,
        0.0905, 0.0091, 0.0034, 0.0157, 0.0191, 0.0071, 0.0080, 0.0042, 0.0103,
        0.0295, 0.0077, 0.0040, 0.0099, 0.0074, 0.0055, 0.0127, 0.0076, 0.0051,
        0.0054, 0.0268], device='cuda:0', grad_fn=<SelectBackward0>)
2.4976816177368164 0.1251049041748047
tensor([1.8469e-04, 1.4896e-04, 6.6945e-05, 1.3548e-03, 1.6182e-05, 3.1405e-05,
        9.0418e-05, 5.5860e-05, 3.0038e-04, 4.6223e-05, 1.1045e-04, 7.5178e-05,
        7.2938e-05, 8.5240e-05, 1.0386e-04, 4.1911e-05, 2.7184e-04, 6.7571e-05,
        9.5083e-05, 9.9079e-01, 2.4607e-05, 1.5338e-04, 2.3382e-04, 7.0637e-05,
        7.7157e-05, 1.0245e-04, 4.9151e-05, 3.8475e-05, 5.8409e-05, 1.9381e-04,
        3.8255e-05, 1.1392e-04, 3.6091e-05, 1.9724e-03, 1.7070e-04, 1.9540e-04,
        1.4610e-04, 3.1866e-05, 6.3916e-05, 4.1207e-05, 1.0985e-04, 6.6888e-05,
        1.4448e-04, 3.6171e-05, 1.5588e-04, 3.9412e-05, 4.9449e-05, 1.7579e-04,
        7.9524e-05, 4.7001e-05, 4.5684e-05, 6.0384e-05, 3.1557e-05, 5.5044e-05,
        1.2443e-04, 2.4272e-04, 1.9558e-04, 3.9938e-05, 3.6360e-05, 4.7915e-05,
        6.2592e-05, 1.0860e-04, 9.4103e-05, 9.0370e-05, 3.9391e-05],
       device='cuda:0', grad_fn=<SelectBackward0>)
2.2864527702331543 0.19746088981628418
tensor([0.0082, 0.0046, 0.0513, 0.0021, 0.0052, 0.0082, 0.0093, 0.0283, 0.0085,
        0.0254, 0.0288, 0.0094, 0.0071, 0.0268, 0.0483, 0.0081, 0.0066, 0.0214,
        0.0081, 0.0032, 0.0120, 0.0138, 0.0082, 0.0273, 0.0107, 0.0059, 0.0098,
        0.0056, 0.0375, 0.0186, 0.0131, 0.0370, 0.0411, 0.0061, 0.0219, 0.0077,
        0.0102, 0.0039, 0.0225, 0.0054, 0.0074, 0.0063, 0.0132, 0.0051, 0.0092,
        0.0539, 0.0168, 0.0055, 0.0059, 0.0032, 0.0357, 0.0165, 0.0126, 0.0102,
        0.0406, 0.0061, 0.0120, 0.0091, 0.0125, 0.0098, 0.0237, 0.0100, 0.0050,
        0.0133, 0.0192], device='cuda:0', grad_fn=<SelectBackward0>)
2.5720419883728027 0.10414648056030273
tensor([2.0432e-02, 2.3247e-03, 1.5399e-03, 5.2721e-03, 2.2111e-03, 1.6356e-03,
        1.1668e-03, 3.0031e-03, 2.0300e-03, 3.5151e-03, 1.7952e-03, 3.8396e-03,
        1.2945e-03, 6.9913e-03, 2.2269e-03, 1.3374e-03, 3.9165e-02, 5.5668e-03,
        1.4125e-03, 6.2580e-01, 1.1715e-03, 2.4741e-03, 4.0655e-03, 6.2193e-03,
        1.1092e-02, 5.7464e-02, 2.1707e-03, 1.3576e-03, 3.2626e-03, 2.8844e-02,
        8.5793e-03, 1.5100e-03, 4.0306e-03, 8.5882e-03, 9.7657e-03, 4.4098e-03,
        2.1124e-03, 2.1834e-03, 2.5283e-03, 6.5643e-04, 1.5430e-03, 2.0993e-03,
        1.6103e-03, 2.2772e-03, 2.9782e-03, 1.8288e-03, 8.9990e-04, 3.1435e-02,
        8.7723e-04, 2.4019e-03, 4.9996e-03, 1.2118e-02, 1.7464e-03, 1.2117e-03,
        2.9110e-03, 7.0202e-03, 2.2494e-03, 7.3149e-04, 8.0248e-03, 2.3104e-03,
        4.7255e-03, 4.2791e-03, 2.7910e-03, 1.3655e-03, 5.2456e-04],
       device='cuda:0', grad_fn=<SelectBackward0>)
2.2775845527648926 0.15364599227905273
tensor([0.0016, 0.0130, 0.0035, 0.0030, 0.0169, 0.0168, 0.0037, 0.0019, 0.0028,
        0.3774, 0.0036, 0.0433, 0.0084, 0.0119, 0.0149, 0.0123, 0.0116, 0.0098,
        0.0164, 0.0036, 0.0317, 0.0017, 0.0053, 0.0042, 0.0033, 0.0030, 0.0047,
        0.0109, 0.0143, 0.0062, 0.0029, 0.0661, 0.0020, 0.0025, 0.0108, 0.0031,
        0.0071, 0.0030, 0.0087, 0.0062, 0.0064, 0.0036, 0.0021, 0.0049, 0.0062,
        0.0253, 0.0112, 0.0228, 0.0065, 0.0042, 0.0079, 0.0097, 0.0079, 0.0024,
        0.0344, 0.0084, 0.0077, 0.0078, 0.0026, 0.0039, 0.0119, 0.0018, 0.0045,
        0.0134, 0.0087], device='cuda:0', grad_fn=<SelectBackward0>)
2.264604091644287 0.18264460563659668
tensor([2.5913e-03, 3.1858e-03, 1.1385e-03, 4.5732e-03, 2.8692e-03, 2.7058e-02,
        8.8787e-03, 2.6057e-03, 1.6221e-03, 6.8546e-03, 1.5845e-03, 1.4952e-02,
        5.5527e-03, 1.9204e-03, 4.5227e-03, 2.7248e-03, 5.0788e-04, 2.2603e-03,
        3.1177e-03, 3.6348e-03, 6.1819e-03, 1.7937e-03, 1.4891e-03, 2.0643e-03,
        2.0012e-03, 2.6581e-03, 7.8061e-04, 2.0847e-03, 2.0520e-03, 1.8118e-03,
        3.6259e-03, 1.1307e-02, 3.6986e-03, 1.6655e-03, 3.6032e-03, 1.8166e-03,
        1.4419e-03, 1.4044e-03, 2.8394e-03, 2.2243e-03, 1.0387e-03, 8.1568e-04,
        2.0616e-03, 6.2210e-03, 1.0719e-03, 2.4127e-03, 7.6824e-04, 1.2729e-03,
        2.3152e-01, 5.3401e-01, 2.9633e-03, 6.9617e-03, 1.9174e-03, 3.4755e-03,
        2.3342e-02, 2.1652e-03, 3.3794e-03, 2.8651e-03, 2.8249e-03, 2.7873e-04,
        1.5313e-03, 1.3703e-03, 2.0941e-03, 2.7988e-03, 2.1402e-03],
       device='cuda:0', grad_fn=<SelectBackward0>)
2.372102975845337 0.16074228286743164
tensor([0.0053, 0.0040, 0.0521, 0.0033, 0.0040, 0.0024, 0.0077, 0.0411, 0.0047,
        0.0061, 0.0054, 0.0045, 0.0043, 0.0049, 0.0113, 0.0068, 0.0051, 0.0122,
        0.0020, 0.0035, 0.0117, 0.0045, 0.0042, 0.0672, 0.0273, 0.0121, 0.0030,
        0.0066, 0.0017, 0.0107, 0.0177, 0.0056, 0.0104, 0.0034, 0.0029, 0.0062,
        0.0045, 0.0014, 0.0042, 0.0022, 0.0034, 0.0020, 0.0048, 0.0028, 0.0013,
        0.0097, 0.0043, 0.0097, 0.0052, 0.0041, 0.0073, 0.4521, 0.0076, 0.0192,
        0.0110, 0.0036, 0.0016, 0.0035, 0.0083, 0.0106, 0.0157, 0.0036, 0.0024,
        0.0024, 0.0058], device='cuda:0', grad_fn=<SelectBackward0>)
2.1682052612304688 0.17776823043823242
tensor([6.5859e-04, 4.9439e-04, 1.5407e-03, 9.4515e-04, 8.5681e-04, 4.0171e-04,
        6.3408e-04, 2.4781e-04, 9.0061e-04, 5.4667e-04, 1.2649e-03, 4.3511e-03,
        8.8442e-04, 1.6588e-04, 3.0694e-02, 3.9637e-04, 1.8920e-02, 3.0451e-03,
        5.3624e-04, 7.3641e-04, 1.3164e-03, 4.3819e-04, 6.1033e-04, 1.1796e-03,
        1.1888e-03, 8.9626e-04, 9.1876e-04, 7.1163e-01, 1.9858e-04, 6.1103e-03,
        5.1660e-04, 2.6576e-03, 6.9634e-04, 7.4823e-04, 2.6317e-03, 3.0142e-03,
        2.9750e-03, 3.1951e-04, 3.2682e-03, 1.1146e-03, 4.9984e-04, 1.8275e-02,
        1.6004e-03, 4.1906e-04, 2.8069e-04, 6.7697e-03, 1.0251e-03, 4.3624e-04,
        3.5443e-04, 4.0799e-04, 5.3639e-04, 3.2147e-03, 7.5242e-04, 3.2582e-03,
        5.7640e-03, 6.4318e-03, 4.2135e-04, 1.2977e-03, 6.4435e-04, 2.9798e-03,
        1.1188e-03, 5.3126e-02, 4.3621e-04, 2.3150e-03, 7.6988e-02],
       device='cuda:0', grad_fn=<SelectBackward0>)
2.3119866847991943 0.1512432098388672
Epoch: [0][20/69]	Time  0.25 ( 0.33)	Data  0.09 ( 0.13)	Loss   2.46 (  2.65)
tensor([5.4674e-05, 7.1048e-05, 2.3033e-05, 5.9747e-04, 1.3045e-05, 1.8548e-05,
        5.0350e-05, 3.6751e-05, 2.4423e-04, 6.0925e-05, 7.8024e-05, 4.4482e-05,
        5.1359e-05, 4.7294e-05, 5.2627e-05, 2.4041e-05, 3.9912e-05, 2.5030e-05,
        9.1802e-05, 9.9313e-01, 2.1034e-05, 6.9204e-05, 1.7967e-04, 3.7365e-05,
        5.7273e-05, 5.0484e-05, 2.7466e-05, 2.3663e-05, 2.3956e-05, 9.6267e-05,
        2.7674e-05, 8.4598e-05, 2.7962e-05, 2.7872e-03, 8.3583e-05, 9.0389e-05,
        8.3394e-05, 3.3632e-05, 7.9794e-05, 3.8058e-05, 9.8437e-05, 2.5132e-05,
        1.0306e-04, 1.9936e-05, 1.0316e-04, 2.3071e-05, 1.3433e-05, 7.7794e-05,
        8.0612e-05, 2.5861e-05, 4.9680e-05, 3.5114e-05, 4.2253e-05, 5.2575e-05,
        6.9751e-05, 8.8479e-05, 1.2105e-04, 2.6193e-05, 2.4393e-05, 5.0896e-05,
        3.4437e-05, 4.5245e-05, 4.4529e-05, 4.2281e-05, 2.3625e-05],
       device='cuda:0', grad_fn=<SelectBackward0>)
2.4591708183288574 0.11828088760375977
tensor([0.0048, 0.0064, 0.0015, 0.0019, 0.0701, 0.0586, 0.0139, 0.0042, 0.0062,
        0.0095, 0.0031, 0.0181, 0.0042, 0.0031, 0.0028, 0.0466, 0.0030, 0.0016,
        0.0201, 0.0043, 0.0025, 0.0046, 0.0038, 0.0043, 0.0027, 0.0110, 0.0077,
        0.0026, 0.1648, 0.0036, 0.0026, 0.0130, 0.0066, 0.0032, 0.0050, 0.0032,
        0.0033, 0.0737, 0.0018, 0.0047, 0.0020, 0.0015, 0.0047, 0.0434, 0.0054,
        0.0025, 0.0049, 0.0204, 0.0047, 0.0237, 0.0014, 0.0046, 0.0021, 0.0040,
        0.0025, 0.0022, 0.0528, 0.0025, 0.0067, 0.0031, 0.0102, 0.0020, 0.1189,
        0.0598, 0.0054], device='cuda:0', grad_fn=<SelectBackward0>)
2.3462133407592773 0.13926267623901367
tensor([0.0022, 0.0008, 0.0034, 0.0271, 0.0007, 0.0008, 0.0009, 0.0042, 0.0369,
        0.0014, 0.3642, 0.0012, 0.0019, 0.0025, 0.0020, 0.0011, 0.0014, 0.0043,
        0.0016, 0.0020, 0.0010, 0.1945, 0.0014, 0.0035, 0.0026, 0.0069, 0.0013,
        0.0010, 0.0026, 0.0014, 0.0023, 0.0011, 0.0125, 0.0019, 0.0012, 0.0013,
        0.0006, 0.0038, 0.0013, 0.0016, 0.0119, 0.0005, 0.0200, 0.0019, 0.0010,
        0.0013, 0.1790, 0.0022, 0.0008, 0.0007, 0.0115, 0.0025, 0.0043, 0.0080,
        0.0017, 0.0044, 0.0120, 0.0017, 0.0024, 0.0013, 0.0045, 0.0012, 0.0187,
        0.0008, 0.0013], device='cuda:0', grad_fn=<SelectBackward0>)
2.279956340789795 0.18075203895568848
tensor([0.0042, 0.0016, 0.0017, 0.0044, 0.0018, 0.0010, 0.0016, 0.0014, 0.0047,
        0.0007, 0.0038, 0.0030, 0.0015, 0.0026, 0.1207, 0.0038, 0.0478, 0.0164,
        0.0045, 0.0016, 0.0030, 0.0014, 0.0011, 0.0038, 0.0033, 0.0027, 0.0056,
        0.3301, 0.0005, 0.0086, 0.0012, 0.0077, 0.0018, 0.0005, 0.0019, 0.0054,
        0.0045, 0.0011, 0.0053, 0.0060, 0.0024, 0.0932, 0.0009, 0.0008, 0.0008,
        0.0171, 0.0011, 0.0014, 0.0016, 0.0005, 0.0008, 0.0022, 0.0023, 0.0026,
        0.0035, 0.0086, 0.0010, 0.0137, 0.0039, 0.0008, 0.0056, 0.1848, 0.0005,
        0.0014, 0.0243], device='cuda:0', grad_fn=<SelectBackward0>)
2.054442882537842 0.22260427474975586
tensor([4.4014e-04, 2.6879e-03, 2.7937e-04, 5.0740e-04, 4.0969e-04, 5.0623e-04,
        7.6490e-04, 1.5304e-04, 6.8528e-05, 3.3661e-04, 3.4302e-04, 2.8886e-04,
        5.8858e-04, 2.6300e-04, 2.4747e-03, 3.1530e-04, 1.3460e-03, 2.2049e-04,
        1.4626e-04, 9.6608e-04, 2.6793e-03, 1.5120e-04, 1.6796e-04, 3.8711e-04,
        4.1448e-04, 9.5549e-04, 1.3418e-04, 9.7198e-04, 9.1939e-05, 8.2355e-04,
        2.3402e-04, 6.3585e-02, 5.1466e-04, 2.3286e-03, 4.0667e-04, 1.2260e-03,
        2.8286e-03, 3.8529e-04, 5.6486e-04, 8.8461e-01, 7.3391e-04, 5.0358e-04,
        1.9249e-04, 4.1136e-04, 5.0342e-04, 2.5918e-03, 2.7799e-04, 1.1681e-04,
        3.9263e-04, 4.6741e-04, 6.9851e-04, 4.5419e-04, 1.6208e-03, 1.1884e-04,
        5.2519e-04, 5.7830e-04, 1.3168e-03, 7.4333e-04, 1.5181e-03, 3.3392e-04,
        4.4958e-03, 2.1195e-03, 6.4020e-04, 7.5034e-04, 1.3279e-03],
       device='cuda:0', grad_fn=<SelectBackward0>)
2.3035902976989746 0.15364360809326172
tensor([4.4416e-03, 7.9843e-04, 6.5042e-04, 3.7324e-04, 3.5516e-03, 1.7476e-03,
        9.5200e-04, 2.3156e-03, 1.3732e-03, 1.4358e-03, 1.6661e-03, 2.5219e-03,
        6.8705e-04, 2.0970e-03, 7.6051e-04, 1.4585e-03, 3.3157e-03, 3.8171e-04,
        9.6694e-04, 1.5749e-03, 3.0796e-04, 6.2294e-04, 7.4032e-03, 3.4778e-03,
        2.2051e-03, 3.3013e-03, 5.5318e-03, 3.2603e-04, 2.8058e-01, 1.3172e-03,
        9.4435e-04, 1.2631e-03, 1.1124e-02, 9.5869e-04, 9.3145e-04, 9.5917e-04,
        2.4801e-03, 5.3670e-02, 3.2457e-03, 5.0520e-04, 2.1704e-03, 4.1077e-04,
        1.3853e-03, 1.3651e-03, 7.5346e-02, 1.2493e-03, 1.0643e-03, 1.2936e-03,
        5.4132e-04, 1.2108e-03, 4.2879e-04, 1.1847e-03, 4.5297e-04, 7.2591e-04,
        6.6239e-04, 6.3670e-04, 4.8246e-01, 1.1745e-03, 6.8580e-04, 3.3907e-04,
        1.4088e-03, 5.9507e-04, 5.0215e-03, 1.8444e-03, 2.1216e-03],
       device='cuda:0', grad_fn=<SelectBackward0>)
2.170954704284668 0.19507098197937012
tensor([0.0024, 0.0079, 0.0073, 0.0028, 0.0086, 0.0069, 0.0041, 0.0026, 0.0048,
        0.0397, 0.0060, 0.0179, 0.0082, 0.0089, 0.0034, 0.0027, 0.0024, 0.0025,
        0.0030, 0.0102, 0.0085, 0.0027, 0.0047, 0.0017, 0.0046, 0.0014, 0.0050,
        0.0013, 0.2945, 0.0065, 0.0025, 0.0241, 0.0097, 0.0047, 0.0067, 0.0019,
        0.0047, 0.0020, 0.0054, 0.0028, 0.0034, 0.0014, 0.0099, 0.0057, 0.0031,
        0.0065, 0.0247, 0.0051, 0.0061, 0.0052, 0.0034, 0.0031, 0.0044, 0.0032,
        0.0379, 0.0027, 0.2797, 0.0029, 0.0022, 0.0080, 0.0056, 0.0011, 0.0076,
        0.0127, 0.0068], device='cuda:0', grad_fn=<SelectBackward0>)
2.080029010772705 0.2348008155822754
Traceback (most recent call last):
  File "/workspace/guoxingzhuo/Transfer-Learning-Library/examples/domain_adaptation/source_free_domain_adaptation/shot.py", line 356, in <module>
    main(args)
  File "/workspace/guoxingzhuo/Transfer-Learning-Library/examples/domain_adaptation/source_free_domain_adaptation/shot.py", line 127, in main
    train_target(train_loader, classifier, optimizer, lr_scheduler, epoch, args)
  File "/workspace/guoxingzhuo/Transfer-Learning-Library/examples/domain_adaptation/source_free_domain_adaptation/shot.py", line 258, in train_target
    print(probs[0])
  File "/home/guoxingzhuo/anaconda3/lib/python3.9/site-packages/torch/_tensor.py", line 338, in __repr__
    return torch._tensor_str._str(self, tensor_contents=tensor_contents)
  File "/home/guoxingzhuo/anaconda3/lib/python3.9/site-packages/torch/_tensor_str.py", line 481, in _str
    return _str_intern(self, tensor_contents=tensor_contents)
  File "/home/guoxingzhuo/anaconda3/lib/python3.9/site-packages/torch/_tensor_str.py", line 447, in _str_intern
    tensor_str = _tensor_str(self, indent)
  File "/home/guoxingzhuo/anaconda3/lib/python3.9/site-packages/torch/_tensor_str.py", line 270, in _tensor_str
    formatter = _Formatter(get_summarized_data(self) if summarize else self)
  File "/home/guoxingzhuo/anaconda3/lib/python3.9/site-packages/torch/_tensor_str.py", line 103, in __init__
    nonzero_finite_vals = torch.masked_select(tensor_view, torch.isfinite(tensor_view) & tensor_view.ne(0))
KeyboardInterrupt
